51
36.16 42.79
56.53 68.65
10.96 73.96
46.81 8.99
23.51 27.54
40.70 60.55
42.69 88.13
67.04 43.30
49.97 80.18
41.51 3.44
93.65 83.02
57.61 40.74
25.24 52.79
43.63 28.91
16.05 79.95
72.93 63.00
33.52 40.24
31.65 55.27
14.19 89.25
64.26 48.49
16.78 15.75
19.83 70.26
3.87 86.87
13.55 53.85
77.83 55.06
68.08 82.27
48.87 36.47
23.00 74.11
89.26 77.43
3.01 16.09
57.37 86.73
79.10 1.68
26.96 21.53
56.95 51.94
10.77 21.21
11.22 38.34
36.96 31.05
8.59 51.62
28.70 32.94
5.46 6.52
98.79 84.33
88.79 47.65
20.79 22.58
21.76 10.04
0.00 35.56
26.14 68.16
33.08 5.23
69.84 70.83
26.76 26.79
22.77 48.32
58.79 44.78
72