318
0.63 1.5
0.94 1.5
1.42 4.49
1.73 13.55
2.05 12.92
2.13 1.48
2.44 1.48
2.76 7.09
2.83 8.11
3.62 1.48
3.94 1.48
4.49 4.49
4.8 13.55
5.12 12.92
5.28 2.36
5.83 7.09
5.91 8.11
6.38 7.33
6.38 5.75
6.38 3.93
6.38 2.21
6.69 2.21
6.77 3.94
6.77 5.75
6.77 7.33
7.09 7.33
7.09 5.75
7.09 3.94
7.01 2.21
7.64 2.99
8.11 2.68
8.43 2.52
8.58 4.49
8.9 13.55
9.21 12.92
9.92 7.09
10 8.11
11.97 13.55
12.28 12.92
12.76 2.84
12.99 7.09
13.07 8.11
13.62 7.33
13.62 5.75
13.62 3.7
14.25 7.33
14.25 5.75
14.25 3.7
14.17 2.52
14.88 3.7
14.88 5.75
14.88 7.33
15.51 7.33
15.51 5.75
15.51 3.7
16.14 3.7
16.14 5.75
16.14 7.33
17.32 2.68
18.11 13.55
18.43 12.92
19.13 7.09
19.21 8.11
20.87 4.49
21.18 13.55
21.5 12.92
21.89 2.84
22.2 2.68
22.2 7.09
22.28 8.11
22.44 2.21
22.76 3.94
22.76 5.75
22.76 7.33
23.15 7.33
23.15 5.75
23.15 3.94
23.31 2.21
23.46 3.94
23.46 5.75
23.46 7.33
23.62 2.21
24.02 2.36
24.02 2.99
24.8 2.21
24.96 4.49
25.28 13.55
25.59 12.92
26.3 7.09
26.38 8.11
27.56 1.48
27.87 1.48
28.03 4.49
28.35 13.55
28.66 12.92
29.06 1.48
29.37 1.48
29.37 7.09
29.45 8.11
30.16 13.55
30.55 1.48
30.87 1.48
6.06 2.99
11.65 4.49
17.8 4.49
0.63 14.81
0.94 14.81
1.42 17.8
1.73 26.86
2.05 26.23
2.13 14.79
2.44 14.79
2.76 20.4
2.83 21.42
3.62 14.79
3.94 14.79
4.49 17.8
4.8 26.86
5.12 26.23
5.28 15.67
5.83 20.4
5.91 21.42
6.38 20.64
6.38 19.06
6.38 17.24
6.38 15.52
6.69 15.52
6.77 17.25
6.77 19.06
6.77 20.64
7.09 20.64
7.09 19.06
7.09 17.25
7.01 15.52
7.64 16.3
8.11 15.99
8.43 15.83
8.58 17.8
8.9 26.86
9.21 26.23
9.92 20.4
10 21.42
11.97 26.86
12.28 26.23
12.76 16.15
12.99 20.4
13.07 21.42
13.62 20.64
13.62 19.06
13.62 17.01
14.25 20.64
14.25 19.06
14.25 17.01
14.17 15.83
14.88 17.01
14.88 19.06
14.88 20.64
15.51 20.64
15.51 19.06
15.51 17.01
16.14 17.01
16.14 19.06
16.14 20.64
17.32 15.99
18.11 26.86
18.43 26.23
19.13 20.4
19.21 21.42
20.87 17.8
21.18 26.86
21.5 26.23
21.89 16.15
22.2 15.99
22.2 20.4
22.28 21.42
22.44 15.52
22.76 17.25
22.76 19.06
22.76 20.64
23.15 20.64
23.15 19.06
23.15 17.25
23.31 15.52
23.46 17.25
23.46 19.06
23.46 20.64
23.62 15.52
24.02 15.67
24.02 16.3
24.8 15.52
24.96 17.8
25.28 26.86
25.59 26.23
26.3 20.4
26.38 21.42
27.56 14.79
27.87 14.79
28.03 17.8
28.35 26.86
28.66 26.23
29.06 14.79
29.37 14.79
29.37 20.4
29.45 21.42
30.16 26.86
30.55 14.79
30.87 14.79
6.06 16.3
11.65 17.8
17.8 17.8
0.63 28.12
0.94 28.12
1.42 31.11
1.73 40.17
2.05 39.54
2.13 28.1
2.44 28.1
2.76 33.71
2.83 34.73
3.62 28.1
3.94 28.1
4.49 31.11
4.8 40.17
5.12 39.54
5.28 28.98
5.83 33.71
5.91 34.73
6.38 33.95
6.38 32.37
6.38 30.55
6.38 28.83
6.69 28.83
6.77 30.56
6.77 32.37
6.77 33.95
7.09 33.95
7.09 32.37
7.09 30.56
7.01 28.83
7.64 29.61
8.11 29.3
8.43 29.14
8.58 31.11
8.9 40.17
9.21 39.54
9.92 33.71
10 34.73
11.97 40.17
12.28 39.54
12.76 29.46
12.99 33.71
13.07 34.73
13.62 33.95
13.62 32.37
13.62 30.32
14.25 33.95
14.25 32.37
14.25 30.32
14.17 29.14
14.88 30.32
14.88 32.37
14.88 33.95
15.51 33.95
15.51 32.37
15.51 30.32
16.14 30.32
16.14 32.37
16.14 33.95
17.32 29.3
18.11 40.17
18.43 39.54
19.13 33.71
19.21 34.73
20.87 31.11
21.18 40.17
21.5 39.54
21.89 29.46
22.2 29.3
22.2 33.71
22.28 34.73
22.44 28.83
22.76 30.56
22.76 32.37
22.76 33.95
23.15 33.95
23.15 32.37
23.15 30.56
23.31 28.83
23.46 30.56
23.46 32.37
23.46 33.95
23.62 28.83
24.02 28.98
24.02 29.61
24.8 28.83
24.96 31.11
25.28 40.17
25.59 39.54
26.3 33.71
26.38 34.73
27.56 28.1
27.87 28.1
28.03 31.11
28.35 40.17
28.66 39.54
29.06 28.1
29.37 28.1
29.37 33.71
29.45 34.73
30.16 40.17
30.55 28.1
30.87 28.1
6.06 29.61
11.65 31.11
17.8 31.11
14.17 0
14.96 0
16.93 41.34
720