101
86.66 6.53
75.83 6.03
58.15 15.31
38.97 74.41
21.83 37.76
58.73 21.41
85.41 79.53
43.99 17.95
0.35 54.78
53.52 26.49
33.72 86.60
42.51 3.56
57.42 80.06
41.14 90.98
39.16 10.71
35.75 25.81
17.24 22.36
42.64 86.18
37.67 81.61
71.37 70.30
30.15 40.89
91.71 26.35
31.20 46.48
44.30 42.34
12.04 8.60
68.84 45.76
95.20 22.13
60.11 63.41
12.98 12.03
65.17 52.14
22.74 11.71
88.75 50.77
34.07 31.38
47.74 82.54
23.77 29.89
63.62 53.93
81.57 55.32
91.07 12.76
12.58 35.36
65.90 35.41
54.76 34.73
91.96 60.74
67.65 52.07
24.14 80.63
74.89 89.32
43.56 8.42
11.81 32.30
59.19 45.88
63.68 17.71
39.20 87.45
58.40 2.81
52.16 39.96
68.92 43.22
63.52 92.29
89.38 29.41
27.69 54.92
74.93 19.65
15.65 53.36
82.51 39.80
44.78 57.39
39.90 88.34
65.81 51.71
20.63 35.79
8.37 84.31
64.29 58.37
82.54 22.68
61.18 45.49
62.65 40.89
99.50 36.95
33.17 99.66
66.36 71.66
54.57 52.07
91.31 70.23
5.42 84.60
20.81 50.20
41.98 60.71
38.53 18.58
23.20 69.95
54.37 31.57
54.25 18.65
89.94 47.58
41.34 61.91
93.07 14.77
13.58 92.56
51.72 46.75
92.22 28.86
29.19 57.57
91.72 31.28
27.79 7.92
15.87 48.60
58.13 68.65
9.30 7.44
87.23 43.29
77.40 41.59
85.66 42.43
71.03 86.38
90.01 23.15
48.28 93.86
48.71 72.65
86.42 11.21
30.19 89.42
216
