1500
10.115779 -430.666015
32.167763 -360.922272
-563.525216 -69.725071
448.088825 143.418009
-797.988838 -334.224826
-523.086793 1.318586
-455.812157 509.151254
-116.137789 -688.267540
-336.294415 -955.295246
-732.869069 -964.574568
62.182851 -927.451624
669.224779 -863.914718
876.579889 605.675848
944.047043 499.251370
678.832970 -92.214115
254.134151 -242.726546
160.929585 823.063075
995.315482 708.183876
773.669349 426.031965
715.966016 -860.121239
291.388801 381.638598
-567.919127 -479.350881
-625.824233 772.771329
-965.324297 -578.773680
291.889800 136.159703
733.341681 993.834272
-607.736732 160.859955
249.615516 499.839693
-307.749627 488.187374
-618.536163 986.964664
40.511363 821.219492
204.573677 -581.140096
736.577405 -271.229490
-565.258450 834.004991
752.526170 953.829105
-456.484334 932.606667
399.770817 -87.735665
740.355922 992.226128
-923.127758 330.831174
-65.838270 -790.085128
-454.125883 657.189896
-951.510514 -755.103750
-221.847623 -336.128107
935.031958 -517.497040
-416.250696 412.181852
352.355744 717.157577
145.560622 289.713641
-648.402994 238.645464
-69.819854 416.498354
529.940119 927.805977
-42.008972 -138.174872
934.671702 -315.750802
-232.957840 -564.666728
-589.386136 -952.619023
-662.787216 428.679939
772.539231 -537.522193
-519.121407 402.565507
-565.972094 -779.587142
578.436034 366.571340
60.506622 -795.737426
-771.909254 74.153440
740.218016 -641.746000
-736.221305 -724.629363
236.594506 379.896594
990.526857 178.861440
-764.216676 -599.368722
-246.930104 935.404398
211.448480 809.555379
220.836858 815.705935
948.706322 -981.482068
-236.175662 316.335722
912.203486 831.825493
961.039824 -33.316145
423.893259 997.643579
775.815808 -155.369022
58.985476 259.845955
784.608216 -584.398437
-6.239158 504.280271
-619.104880 -672.104663
-596.391937 -264.963352
551.528983 274.180151
-861.036796 -697.636642
-246.672223 931.014895
-975.999070 941.760689
-808.643222 851.738970
658.184616 830.715540
55.231133 210.181608
-646.608608 -657.419842
643.563573 -442.578736
885.599627 879.345647
-269.118012 195.424241
-873.446386 397.832961
513.565931 385.452538
-509.928201 657.990865
-291.174799 -938.055910
880.166509 837.989058
403.741337 -265.546403
-369.199496 536.820101
-910.824023 -659.178738
9.930466 -954.038803
-415.845877 209.842435
492.309538 885.365262
-195.853299 516.725556
692.625489 88.928221
878.031443 -285.948774
561.712432 76.731226
-377.413319 -225.142105
-141.192414 -930.408394
841.609896 154.213519
-610.524230 -82.586384
-676.790751 -569.297397
494.342012 -189.043275
276.406019 -862.464874
-688.338117 279.708925
-610.587841 -629.816908
-95.153361 9.321232
809.492546 378.224028
96.433073 640.685715
238.099062 37.066431
-202.529943 60.977376
-226.972718 943.939055
-270.059405 -400.209669
818.496736 66.919484
-78.807402 270.604742
-86.960669 295.877770
783.379308 -545.114187
356.838935 -988.624131
-870.999889 393.637530
956.479961 197.853663
-879.157975 983.634215
-325.847035 -828.178739
586.561517 340.999851
858.545293 -684.654076
-208.563153 40.691710
921.165552 -530.584394
-687.431851 -284.148280
254.862090 469.485228
-279.999647 -548.601209
-989.313223 -630.396594
535.165656 -393.818185
198.197124 153.094809
729.845099 -157.277502
-761.730786 180.418518
338.217477 381.860684
288.823454 -0.474207
178.548128 -242.654918
244.328493 82.524895
15.911299 -511.569351
314.859892 502.984670
-627.762313 959.727532
-865.542254 588.750049
224.710803 -242.173042
400.228716 836.912784
-784.159988 389.965911
275.136534 749.898807
-584.236604 338.653504
395.087652 -494.991130
-651.212159 358.318247
430.752810 208.336596
-487.027955 234.100364
61.567905 580.118704
-68.938756 278.124471
431.537749 -501.805760
269.016778 695.869609
-726.693759 -588.635725
-172.112090 456.823527
-174.132324 771.852445
-307.955614 -806.168084
301.509704 403.057383
563.087540 -369.686983
-573.309031 -691.931968
39.878190 477.436736
633.883467 912.808534
691.780495 -19.060829
-317.055417 -665.919653
-743.992468 299.619442
-983.900384 154.788071
400.949151 -943.905638
187.017390 32.820384
576.632729 940.294602
-679.721698 -540.468584
-665.750545 804.868071
-358.331161 744.485176
347.110089 582.784226
625.633261 -708.278608
296.855250 829.546674
100.238892 -688.384747
-733.264126 144.256479
780.834109 -762.499033
-439.610322 245.991085
302.211404 -73.136068
-619.602452 -350.824049
71.459434 425.716290
-231.553693 166.052167
159.977377 -849.735169
85.107050 -894.327515
-430.251847 571.496794
-123.281890 -439.170925
-499.633846 -57.829958
-195.739301 -317.654244
-595.891182 375.187019
212.489631 902.534725
-834.224364 304.453456
139.387828 209.339381
521.017451 -868.818514
-172.226380 -578.658455
54.906786 -894.614536
481.738437 -952.605142
684.594537 -545.595451
-213.464540 941.697407
-283.253028 133.144538
-271.557180 -181.375685
-135.840758 226.424422
346.437130 -900.938577
303.957239 543.619860
-618.054395 944.860755
296.516945 28.455554
-836.428707 -373.547527
574.635574 -129.197776
1.784660 92.220051
448.956702 957.123302
704.706389 -781.492248
435.964237 926.561915
3.716880 173.897639
-475.013624 840.941810
-580.174193 568.630356
807.694022 471.817591
-380.043367 -226.874648
389.696946 -327.784459
-390.815993 581.292689
-77.705748 699.821468
798.605289 -367.928646
-896.713810 -551.819534
-837.093286 -164.392828
-204.247980 116.295474
413.521997 442.935452
893.766662 -371.978835
-321.207592 237.210843
-179.572668 -253.207570
235.200448 -80.283509
722.486097 373.353027
639.198851 -457.191474
558.482880 -326.171599
203.540486 470.600415
-584.874916 -164.576137
607.035494 -170.818603
643.911939 -24.976403
62.768920 -905.331693
760.764931 176.419410
510.970690 949.813999
439.514021 -662.865835
-752.192596 -885.270426
-114.958364 239.675664
-128.785901 635.371545
235.779259 819.911705
563.950466 965.264177
404.039271 252.716310
-691.045651 -31.033921
304.519911 -206.319083
35.752852 545.787493
-371.254694 -888.622086
997.839143 -667.282289
843.655657 807.310586
360.533187 -321.588992
-51.614106 453.420878
770.086202 -506.391667
-197.367385 193.916912
-595.059348 889.770150
505.120992 828.076753
-46.638342 -376.149631
-223.530088 488.678519
24.874749 254.792541
-441.364925 933.068536
-93.619199 -950.571665
-413.312603 -842.256834
912.273037 -647.148842
456.719088 12.529169
-973.673297 8.988939
116.131700 303.746142
-897.732039 -337.829336
-918.046356 -232.700427
190.335980 -512.449761
-262.709257 -182.748042
641.333190 -664.804855
650.358285 -652.527687
931.102942 593.192987
686.950037 688.849963
566.192250 -34.853435
97.226999 988.492806
-365.404131 185.888250
517.517023 338.315344
623.317689 920.280939
498.913008 -360.436083
349.410443 -55.218774
-281.719167 -259.572893
492.256826 55.915127
-658.796294 -956.604715
-491.543445 427.278431
564.370617 -974.421756
-411.579564 461.259169
866.266692 277.777174
330.265931 -724.540788
-896.079555 -273.861686
462.255180 276.922885
-360.640214 956.115496
137.386794 -504.823500
-717.233627 -466.701904
-837.591474 189.315854
-101.402936 -656.669050
-717.360421 8.295530
54.799212 -826.118353
164.515699 345.302598
-156.361009 645.783310
-233.986996 -47.215485
-470.916663 519.963601
813.643839 -158.181404
609.049613 349.759812
-48.597251 902.411987
-446.023721 577.180982
-448.623798 774.398143
82.309530 -668.657163
17.232809 64.536717
804.468435 -454.900727
713.047670 -200.819685
640.028083 694.985022
724.583696 896.969301
777.235577 -204.206555
162.430980 43.702927
-75.667656 897.787659
-225.013046 -901.183002
791.166377 -196.330178
442.990028 -644.554083
-412.702535 -488.226407
212.943008 910.392090
562.447123 -889.143998
503.903374 -406.974363
378.434782 298.470142
393.354401 -727.814037
108.021055 -247.363138
-735.072463 -20.035362
980.955476 824.400834
59.547678 443.472876
170.622258 -483.999281
346.300929 -120.683261
797.491565 -847.236916
125.711459 -597.116688
-354.572322 -674.393292
967.001282 -698.750507
-252.363372 -929.850607
-304.963216 -778.865948
930.651111 306.389088
-941.414740 441.150268
19.130994 656.867136
-505.951730 725.684147
800.426796 819.069313
-590.429524 556.068054
307.366625 -69.410060
643.998747 -500.217343
636.857959 -273.767586
-672.354499 -205.761863
114.637273 625.313228
-785.064086 605.422328
-874.635347 59.989950
-405.968354 -34.043560
345.614905 505.737936
-437.487569 584.029491
-435.901487 878.645883
-382.387629 247.505141
207.164250 249.281880
45.907189 -416.708852
-547.995356 886.267565
-443.657574 217.621677
-701.806849 -597.771383
-978.849584 -244.004599
199.713995 -463.995262
395.601170 327.222451
-370.280731 -781.683444
-846.158657 395.786511
-574.660156 301.367982
-948.954340 787.710485
-258.561992 -126.926092
-551.672272 430.592604
-468.311670 -649.258346
920.120482 -353.346933
723.179203 -840.422801
-141.272812 -457.508210
324.569746 919.252973
-746.444594 -394.215597
-530.250953 723.871377
207.679645 -676.328965
-223.269026 -466.984953
-452.055271 462.927680
-403.462960 -411.136619
672.051814 528.208368
245.989349 65.374177
-705.009241 701.864140
331.414289 591.408655
-316.229671 741.223348
-943.949157 811.840113
156.532749 351.687278
170.413322 -272.049464
-101.184585 778.640692
-752.842545 -561.628120
-248.534100 -848.572871
-540.143803 -944.152360
-938.213565 477.377021
-571.930124 789.342847
-419.581512 -900.688824
-990.905833 -807.581323
287.530288 -863.118706
-936.171995 443.055423
881.797480 -298.350952
-262.165891 173.554162
0.281359 -674.712778
862.513001 923.740733
-158.713065 641.455970
-330.713937 240.441671
-312.859427 -958.850496
-313.136277 -851.529852
-484.487814 -671.397377
-580.223184 -183.486831
-289.936228 251.862492
-213.652505 368.627892
-167.368224 585.508767
480.385705 103.782621
224.922061 -386.308916
-896.274089 29.071578
785.653693 -321.691161
-133.455643 -149.278186
715.411241 -717.213467
-970.259808 -249.383338
-257.825254 -598.141932
853.886081 -238.829779
586.440100 366.885784
-213.574300 692.201084
-653.212311 110.010311
-171.660236 106.377095
513.477053 221.721018
647.159600 276.827260
321.055639 -378.847715
-40.364217 -660.649944
688.681460 -298.733539
226.577074 -817.915345
-305.911461 -908.554471
-32.353647 280.340956
488.634093 409.884340
662.934309 -419.333135
-327.039944 -435.608766
390.458183 -135.930241
497.973128 -870.298197
-991.748991 123.201803
-341.167447 385.995407
560.425440 322.864971
686.913936 -23.725778
400.663883 758.813241
-7.281896 -670.578831
967.059811 573.331083
996.275837 -582.636327
930.078131 -806.584283
82.465251 -349.399359
-799.689257 -40.171874
860.681294 133.182140
174.995742 -31.834683
535.957034 -917.880135
800.448392 657.602373
99.645982 -656.269818
81.740994 -988.188326
-354.672434 -62.830870
-549.768723 -305.177758
-813.546208 29.406069
165.627019 463.683345
-644.155886 -341.913428
557.059679 169.661718
148.062636 122.202237
-928.507209 -51.230454
-892.707784 597.510449
601.702394 -245.927767
-975.544360 305.660189
247.083707 -904.491589
186.558720 -763.214809
235.130935 475.496025
537.141294 60.228612
365.076105 141.293786
-782.638286 -644.612830
337.108854 821.786089
152.088107 -365.468333
-221.805853 640.734155
-362.633400 -782.223145
-239.244229 176.173923
-556.686879 358.706571
-294.709984 -182.123969
344.932379 170.013605
-883.874000 -114.308551
428.094795 705.562924
-446.720711 108.293618
-806.929386 -301.250051
854.409212 584.559628
-654.219120 567.385530
498.504984 -111.945471
499.896568 12.086411
545.465930 60.190793
860.486000 -792.535370
-180.344828 -577.289559
73.949712 641.684766
-521.106564 -173.544894
-422.402616 81.277721
-957.589196 -313.345083
507.691875 346.137529
-76.447885 109.734895
-960.288950 -716.392468
997.901032 -369.896942
-554.260425 -344.911174
331.864561 -911.972786
-446.419594 -883.316017
-765.712661 -597.193144
952.102767 -417.212315
395.368664 -930.646237
675.320324 -512.448561
547.042953 75.711674
-404.786287 268.481112
264.735783 719.711789
-77.074950 -14.083945
147.313604 -827.767667
-210.978183 -54.457749
-819.898718 242.782167
-225.985325 -441.858673
-501.221153 930.492536
379.309907 814.170842
417.173749 -56.258093
-321.496087 -42.685724
46.563735 -198.075386
-491.748954 -88.603835
-103.509476 680.927674
-704.758065 -495.266376
447.206636 -667.284042
-358.095759 632.518792
287.363222 756.774407
586.559281 -447.270369
143.408393 -952.670807
751.194319 787.429191
52.149628 220.700493
-10.675149 190.334609
-288.109374 892.671194
-225.119075 -777.729252
-582.752097 -198.712420
214.101928 92.615876
533.246012 770.203854
-500.625581 -336.135717
632.768139 -237.350899
-575.495804 -924.826761
-454.573825 950.593227
-380.884032 -782.995727
542.922307 -404.059041
-83.458399 -795.876189
560.936882 -392.944336
927.453007 74.853992
464.307388 -541.823288
545.172419 -351.708729
-967.610135 -948.177581
-735.176301 -330.661245
43.797951 430.281533
-210.328993 -386.054281
224.251214 -386.224190
22.164880 -766.196918
-798.538980 -305.398081
647.078704 599.578895
-406.706164 931.939205
-884.461912 97.171558
-887.996648 -947.539566
-88.262782 -842.157211
482.282045 586.773613
953.070547 -199.108342
87.314365 -516.352676
-632.238590 -828.204649
823.550436 -642.034238
54.600583 153.729172
182.130888 222.490780
135.245279 515.986669
327.943208 700.973389
-388.778686 798.897841
151.083367 -0.399982
-113.717838 -260.442236
-629.006673 414.755836
942.368259 768.366694
335.017791 -555.348294
871.560924 948.205582
139.745750 604.510829
-387.907841 -321.710624
-453.492527 -419.723327
114.896848 547.375911
-722.201568 -336.833957
216.661408 -511.366195
995.807309 -635.577415
-684.360880 -583.838507
-561.438443 289.887438
715.211300 -301.883111
-83.668560 -236.193096
-209.541592 426.798143
58.669623 -731.751979
117.501066 189.214063
254.471745 648.050844
212.300949 522.736806
457.753448 -731.547092
-728.124157 42.456078
-155.735148 -492.642358
610.417384 -650.459694
-444.190835 117.114230
720.351824 -120.831074
-982.389025 -870.126795
303.293113 701.497890
-279.296021 435.537199
-79.780422 -126.456234
371.369354 544.061429
847.282642 531.941220
285.467939 566.118609
624.891674 -278.067896
278.266262 -556.559711
-400.926798 -528.472571
449.422145 774.885049
467.361458 344.808802
-714.152600 783.099455
95.561567 -615.606688
89.538730 -301.669006
-682.415033 320.282105
-465.493892 -128.133888
572.227335 -521.434072
119.809090 790.696481
-395.777336 646.434012
-416.657033 436.946435
358.365006 -531.027370
650.717248 545.728993
-472.016194 404.143807
270.289714 220.270003
-138.156931 247.992748
-440.062854 553.189297
-427.317096 282.236087
730.473025 -358.314392
334.402091 -793.176132
92.970361 507.807182
818.780537 943.430581
957.991106 -25.765360
409.669582 -285.685653
763.245208 -242.407040
-750.306075 -370.578451
185.034151 472.723618
-985.370006 49.791529
-113.835731 255.489141
440.792196 -368.525358
242.487582 -253.805786
-110.807630 934.628350
-349.217216 959.900867
-562.971173 -664.221894
-812.029620 -223.765383
-212.805624 -863.945018
361.373034 -941.638738
749.261193 -652.118602
-189.867181 -763.523593
435.172425 317.754251
-944.417431 -757.243597
-594.337165 -444.870632
510.758173 -869.473340
358.507327 -910.955508
948.807103 181.761558
41.121611 39.106580
-23.164633 890.814480
569.686588 100.015328
382.693230 76.061318
-405.160011 -842.227900
54.633312 312.149726
-489.965865 -865.589552
844.801876 957.817569
83.579823 -694.683108
-900.642464 780.469749
-443.912500 5.017137
-396.033287 118.668775
-689.981223 183.363488
-161.930812 723.372327
-733.533625 732.008439
389.224536 -90.704561
670.234906 689.794744
-173.110060 392.756509
-176.874915 676.318145
-281.458037 -509.553964
-577.972727 72.335304
628.187062 -976.286586
844.407241 -403.054603
-633.689986 339.311890
336.484487 -282.403596
-371.313387 904.932281
446.959646 -538.699542
-867.575825 -566.267167
-360.176462 894.813152
141.500743 -830.621867
-627.050765 836.989043
-206.570428 -176.056003
-727.289979 795.631801
-734.452460 -941.369463
959.302147 792.864670
966.251805 340.948176
-926.247848 -747.304062
463.163872 -850.901897
-835.254036 372.199007
-574.570618 -721.502299
-999.613162 595.560880
334.060328 479.249725
-193.031580 -788.126847
-310.120013 977.224140
534.084962 -866.466202
845.791920 522.017955
258.637503 -739.136996
-143.882668 390.893494
-65.943901 -318.989062
852.357585 -545.635615
-927.269827 720.469667
-882.315448 -640.353810
-44.928332 840.033337
45.324407 -215.331026
-133.592293 787.804407
-339.229095 327.302747
-550.619015 -529.550049
908.056899 -335.744775
-9.064412 373.928102
266.059737 -343.609105
969.547803 -973.045846
42.956358 -654.837385
-403.920111 -94.825721
85.567523 -518.835011
797.665463 988.498062
778.535020 213.858653
-907.652415 -867.834654
487.177901 68.338012
-73.864260 -988.762872
-647.472564 -185.560098
317.357239 736.515362
-943.238996 889.365308
737.515726 -765.431914
-314.569059 -723.842007
-331.691640 356.907448
-957.064010 -664.680969
-521.601275 609.238245
-170.764519 893.248442
488.245349 463.201005
319.330860 -709.028131
-886.342885 -600.178347
580.110935 -57.456016
-720.660129 -570.005942
-626.328503 -105.914250
899.733413 395.829258
259.806625 557.864223
-575.687353 -844.503444
-91.979785 -468.966243
22.571519 -255.612408
-358.925482 -153.760611
744.626239 165.503112
-321.340803 -549.848744
-67.775609 -857.150701
779.202114 52.667011
-490.136037 -699.445074
206.962044 -281.945002
947.972241 -974.309394
-333.365816 -20.545861
-847.595288 478.556994
-912.935977 933.979835
-132.972173 607.922880
364.236944 616.810873
631.001245 -520.529531
989.000246 518.138814
-770.268700 76.483313
-225.787067 -212.718339
-686.738488 -357.029700
-331.474493 -675.535811
-106.285765 445.889444
-21.516721 534.427996
546.191122 609.431216
-166.603987 -980.677607
-450.635705 498.305000
-977.922617 -143.172265
-778.487807 427.591498
-947.944640 109.865001
926.378319 573.109594
-853.978788 -592.054151
-705.216485 20.974456
-502.836162 106.773243
-403.038682 -944.455632
-479.890758 -146.451281
541.869651 144.613477
-659.609436 -415.040607
482.128490 -391.779796
-52.748366 -97.368232
62.463571 717.978495
-898.277478 -504.163629
-981.965845 895.715302
-696.282113 175.013712
653.038312 47.220070
-673.029267 -256.664775
286.704366 84.625348
923.377394 -600.630318
586.430145 -205.914206
749.293582 512.301466
168.603277 2.684605
880.636488 -609.953499
149.179257 -3.742348
322.164793 -92.156956
271.466254 -137.231457
-953.604849 -780.251087
940.930135 905.470521
-654.386106 -764.522910
109.686891 -872.870834
384.934610 11.244934
774.281003 553.689764
199.863519 885.529694
-628.216099 -993.552433
115.551949 914.488199
178.794029 566.778641
325.731891 674.349477
876.636111 -19.382511
-121.203220 -844.114657
-197.035161 283.187560
267.502684 -233.662207
-987.362070 -737.703505
763.994502 -604.743855
299.104439 631.175326
563.520997 -530.238801
542.324223 -368.199307
767.781744 421.276998
-948.684418 -121.611946
101.132231 476.306980
52.116540 12.764589
647.177459 166.340679
537.992551 226.850218
-807.453231 914.262236
456.691817 -182.836637
509.942027 942.847387
781.027881 -322.120798
289.442938 661.801730
-351.832376 -490.200598
838.268317 -707.045219
-549.971424 -881.671947
681.933266 401.442188
-638.625898 -610.485989
577.044733 417.348046
862.864273 960.961462
390.536503 -562.430310
-217.454190 -136.670740
-790.162390 -926.706128
602.174564 815.473233
926.319054 979.759415
764.159350 369.767616
165.740459 565.332712
-737.815521 -478.973272
501.481125 83.471314
122.525704 326.819373
189.114485 -626.405164
29.211005 662.421239
714.294171 261.243463
-678.134024 -962.520168
-411.332026 545.238128
-972.432832 784.310970
-528.900291 841.649820
-611.317080 847.452084
691.154796 232.173424
663.015821 491.491191
187.600322 307.815361
848.312555 -577.885713
896.392273 -59.459627
480.085151 136.669575
-24.794307 230.549649
983.981838 -124.590298
-290.106754 -220.625609
-162.083137 -233.683446
-913.736649 499.748979
245.195228 799.323683
32.925708 987.015242
-912.889955 681.790089
-710.740303 525.932304
888.166454 393.644778
-791.514628 516.719416
416.916542 -112.799938
940.530475 -553.431780
-124.552039 -841.263513
258.004984 -460.034726
794.193120 -172.164122
-235.596187 610.144009
-949.552884 323.492036
-974.584721 357.461459
417.522215 761.727425
14.436478 -84.350315
-704.388011 334.738727
-566.295800 745.510701
115.272501 -767.668852
49.211915 -126.979142
883.815924 -2.527192
849.015793 374.460020
699.571234 -220.773421
806.152031 148.133252
-537.142332 -106.775582
-605.502017 194.988268
-661.720496 446.201693
-772.628174 -738.022010
-199.253146 332.699019
549.537579 837.093020
139.361250 169.527530
-782.803405 -392.360277
508.452890 794.411624
-94.937814 675.136589
-448.453111 528.320758
287.125420 -752.514482
-440.343168 914.442554
-29.591794 -784.106459
-377.518829 253.147985
249.751400 202.414631
-517.317206 -752.973608
562.888026 358.015354
428.731792 994.005795
-544.089229 410.373986
-398.380569 221.925571
77.300672 45.463478
-427.293639 426.681572
-680.773414 -297.938178
-232.352086 488.200578
-243.652221 703.979331
201.207012 109.921211
169.794918 978.314842
676.151949 -255.683136
-325.777431 -102.140583
542.515000 -138.580543
-816.426092 -756.862084
239.987162 453.227464
281.982878 505.205659
-443.636992 757.499534
-722.271308 -943.307474
-866.681191 -714.289613
-697.143963 810.259851
-341.914515 909.082300
982.892953 581.483159
360.084912 724.521590
274.715642 -625.418075
-586.833231 590.720656
147.193423 949.915580
291.366667 277.769099
-158.495680 -154.476608
929.897394 -630.410488
210.120294 290.117027
184.119097 -367.095810
945.404972 -228.421060
-396.563532 689.250586
789.974888 -826.251075
-36.928652 -381.118154
-180.034860 981.472500
767.568641 648.644662
494.403138 312.684924
-743.392683 -461.865649
-362.627098 -310.520370
557.551459 687.761483
548.999879 819.355579
147.061103 220.658443
278.391074 312.047552
-65.856895 -856.721905
-687.019607 -887.410267
-456.851801 304.550399
-9.936239 125.417281
-101.189931 -404.037104
-267.654459 -818.826460
-506.716411 -514.965948
725.722260 841.869126
603.486423 -748.514021
91.308935 -249.416658
-167.779117 -460.893566
-253.004884 -716.648862
-63.629317 -367.702686
-885.843337 -994.408681
397.833714 728.880756
745.315212 483.421229
62.895031 118.413272
762.707727 150.667033
587.643202 -442.223614
-249.717537 -133.452905
601.240301 652.147155
293.936771 -586.704931
-160.584912 283.565100
-3.315613 -404.404463
-100.088978 584.017939
-182.982270 -25.685732
533.495896 -723.784378
-891.136697 -356.757479
646.870726 96.809143
547.629210 -472.253975
10.461704 313.685685
312.657039 191.668324
208.142720 563.068775
738.933835 -260.650132
58.082331 -105.510155
891.872689 944.083954
477.954088 -450.665416
-422.277571 -795.153178
425.885733 960.808794
37.239389 667.416400
519.052039 935.803319
473.285915 -589.483011
133.990554 433.332421
52.982886 882.315644
-828.157266 -855.089115
313.736067 350.080549
-136.665111 -884.017167
-143.863278 608.721718
-679.244477 -517.331926
-825.761163 885.235612
816.962436 -60.868889
-363.262445 937.443388
-485.907362 -782.486527
432.126449 229.586857
300.986578 229.128097
70.944087 -57.886906
-865.156386 -82.078392
59.309626 105.993626
-292.580413 -255.758434
782.139666 866.914229
842.408820 -997.972894
42.153157 118.145456
-214.660437 422.591390
-734.741209 -429.637393
-629.095938 -494.136104
861.091187 182.001611
435.217519 -627.160001
-267.422619 -417.392674
-154.093075 -678.935898
2.414284 156.006756
567.907897 -425.845378
661.857644 -590.114733
338.141567 15.766227
91.921717 -422.768546
-108.627002 -774.179065
-129.141551 256.981144
-893.102745 374.190876
799.790902 885.310632
247.345843 86.964353
-525.972048 -876.363304
-848.681066 572.377092
536.116761 -148.220446
755.606095 -888.180862
-632.771748 509.632517
-137.928108 -177.113141
349.434762 344.201371
706.794745 135.104878
880.623134 -442.672072
-648.120915 805.372306
-774.001256 833.967284
266.062949 503.690833
162.366420 474.231091
931.406547 424.497770
-216.622375 559.840450
766.981148 -256.422392
-478.402368 718.607062
-123.331342 859.931837
602.104473 -108.660827
-589.594398 -948.458617
441.738255 -515.543856
-409.182153 601.216372
591.069995 491.826998
-555.494603 25.730865
651.808960 21.067720
787.172845 233.203028
992.906443 -519.867697
-81.095780 785.139095
-499.077701 637.577372
-141.914895 571.515999
947.454534 921.285847
-965.442670 -739.134688
848.439407 -465.266592
719.830556 -996.703079
155.364652 916.216530
-454.654468 843.836408
311.908958 236.357896
-985.229828 -837.535740
248.252410 953.611244
-706.523962 619.773719
993.452621 761.935414
408.833311 858.883635
345.976964 -851.140744
406.841973 720.994305
195.638585 -414.626184
-952.128890 -573.993058
-208.123457 393.504147
-572.908597 975.699117
989.378318 -741.348637
-913.139902 -568.928573
-850.424642 163.344284
-99.065634 -53.429627
121.677637 -41.708924
-324.444872 -179.501262
447.754259 -459.628762
716.942267 -127.235738
174.115629 944.545351
-731.673763 -949.288731
22.387044 749.482421
-26.157738 -606.413560
-347.933778 242.769730
-119.917876 -976.986857
205.899196 149.226125
-911.606897 -215.143696
125.263676 -421.070792
-930.023767 118.871411
894.694226 -481.200397
-772.533070 -389.051729
-760.366778 -56.457195
-211.138724 -702.372494
-325.273369 566.054748
-564.655459 345.017114
-844.887140 -878.700447
-23.294502 216.943089
10.871699 378.531454
-833.686764 399.416239
66.716077 483.624390
23.792836 846.194460
692.189701 -400.138561
452.110004 443.720849
-890.852822 308.669725
-104.788944 632.888974
273.089898 -329.504150
-612.036450 902.420159
-687.568039 -752.163151
755.534530 317.526140
851.177777 -438.153239
803.627439 -959.001440
743.406034 641.286217
699.246651 911.126499
-82.401173 226.351732
543.778840 -774.416489
273.807696 757.793615
-825.338424 -353.938299
-40.050532 -136.086850
869.258892 180.810394
-320.972315 688.236526
-610.397560 -776.176159
280.256773 507.785654
-839.935184 252.934344
114.386125 -478.434997
848.997371 -520.980497
45.973752 837.615597
-857.694230 -385.383378
-684.571941 -108.686463
30.870453 -111.179255
606.203233 -734.649003
907.188845 -612.151048
897.642463 -234.236618
-729.484994 145.112114
-212.033064 986.646009
-725.647937 395.110156
-910.230835 501.238110
297.660794 185.637000
0.008439 699.059929
644.926902 366.651192
-800.214022 741.054770
338.820817 165.373804
114.585627 526.479352
-698.999704 -158.588273
-861.494240 -115.638222
983.091333 -412.744008
277.453462 -441.695034
837.473817 -979.064974
993.727921 165.812603
-461.740189 -855.427011
-666.788578 921.734720
-717.668977 838.014806
738.853724 508.841963
656.177842 -348.440110
136.845559 -215.393844
-562.354407 -695.781479
-87.839037 847.291935
540.777314 829.370805
-155.976272 402.962347
369.466966 -845.233079
-528.931860 -64.962829
306.471281 858.369884
-338.683845 -370.499536
-16.501190 -955.652825
-805.106883 -996.937562
-445.021136 575.938997
186.059733 -816.200869
588.853508 409.642160
330.474511 -436.345979
-634.845515 -558.109491
-509.456249 -915.901339
-954.951290 -452.717856
-365.527856 -92.715057
53.489474 768.265019
479.780207 -214.128849
-951.545626 -589.853648
-882.764302 446.273183
-827.137105 462.684200
183.039999 253.099573
333.628035 728.480454
360.976253 579.303569
-607.236453 -376.397595
326.944286 635.999769
-340.928253 135.990787
131.468355 -289.888854
-707.548951 286.053144
-729.262312 -565.730832
-608.367234 -742.602666
719.170534 -474.662247
-711.291382 336.313996
265.141882 719.662845
576.113053 -9.281489
381.437884 14.414920
983.779311 463.550155
-221.455027 150.273853
-997.857263 39.900800
-146.315902 695.274149
868.366814 -364.849466
969.856673 988.719437
-601.599416 387.550258
832.259516 984.690923
-210.603293 878.426940
-397.992527 876.669554
895.744975 -364.654109
-270.045912 663.407950
-543.164174 204.556571
197.983824 812.647783
-490.109954 -397.098275
-947.715442 697.015988
107.049865 -249.919742
629.999360 872.752319
331.440282 76.374952
-361.136669 -834.391527
-549.281354 745.279448
-497.826288 105.199840
139.918203 462.336039
45.734260 648.758173
450.977536 987.224637
-278.600096 64.456895
653.300591 916.365796
938.210805 622.992899
112.959941 844.715568
-976.956063 995.410259
-958.352967 -200.047052
-653.048490 -123.020393
129.855313 -745.762431
-4.389648 -223.661354
564.282822 557.525015
642.075006 -240.647207
956.425492 696.568226
-303.987356 -225.596707
824.035400 34.133577
103.564534 22.356017
-373.863580 -816.266586
-111.041344 610.891006
501.977285 -210.743840
-583.158287 -907.188512
-183.205650 956.656336
870.129753 -856.299838
-520.367525 694.122152
130.105896 -274.287655
45.452146 -459.782961
533.456988 -133.850902
346.957062 918.207461
714.839289 299.448558
640.614800 -455.516862
-829.847644 -648.419399
-822.041481 -244.885225
835.069510 241.639963
-241.195117 912.400560
-840.598498 -220.187417
331.096766 -801.642398
-663.981919 -846.484885
875.792627 656.621930
108.174118 548.121709
728.700219 215.546204
247.737435 -582.347996
-796.367666 -176.781351
326.435744 -787.879575
-692.033891 993.423761
-264.699367 -695.576821
347.948185 -978.412173
0.248800 586.229407
969.031570 -254.944017
-627.094393 -957.208447
941.332537 520.922638
524.613091 698.941368
-871.564213 539.324411
515.752369 -290.259287
54.303778 -900.832545
-323.790566 -759.034489
-294.791946 411.444296
-865.055748 606.746847
16.843757 21.308362
-952.227773 -20.614036
597.049411 -377.423361
-68.240003 984.061664
-744.299686 536.572443
-390.909975 522.498127
543.111254 -57.366626
-43.357269 722.943929
-812.565648 -286.843739
-715.334100 -804.664266
111.430256 -430.306331
624.161092 803.135076
-912.515538 -532.086658
143.370261 320.899639
-866.927153 -317.440472
-370.870903 31.592425
-688.152885 -225.822053
200.612838 55.814826
408.771154 -893.086548
-904.449764 -692.512696
942.348468 744.315638
-559.719561 141.975895
500.394438 -842.201725
158.805186 667.587244
-983.154896 282.036320
-273.969116 -664.593372
-771.048758 -864.761649
-199.377277 657.365251
960.133869 816.640637
475.822290 -711.353883
-317.670927 -934.354451
-387.657640 -942.244857
-716.968554 -180.964435
438.972833 60.293173
295.122981 441.915983
76.717404 -388.172273
-881.478499 -611.626481
-546.182395 -647.337109
12.878023 150.227763
-18.706895 -540.289897
709.433415 -494.815959
-573.122676 -339.703620
818.357263 -94.011785
198.954884 -492.257505
126.774983 -940.038324
-543.618933 -160.272333
-539.271842 -172.757636
441.793935 -240.200266
-446.130541 801.748029
-211.041234 -912.104050
81.780481 -18.258633
-490.990845 -307.429197
341.663622 -77.420430
262.127902 -236.114934
-437.584252 -111.193714
-301.963065 505.289480
-779.581197 -903.197355
-47.520743 765.890078
479.584955 29.865352
-108.795545 -716.754999
457.814983 -923.651222
-872.411136 -182.252802
230.071713 134.596483
-561.433148 -429.455751
68.610574 673.099037
-798.372795 -517.207609
-873.376852 202.893465
-100.191182 191.891292
454.085751 1.642994
-275.932299 -690.279062
630.513001 -119.067161
605.068073 -888.032047
59.330110 -258.749941
-945.258628 -672.275545
-618.330004 55.125712
-212.056532 -990.873956
-115.141512 733.634684
935.497755 -776.739138
-293.624302 279.164839
173.854704 188.998207
-636.416891 385.766207
19.752833 924.216896
-770.460953 -170.147732
211.797317 -939.992009
-465.163194 164.054719
107.775198 -22.242986
439.600547 214.226488
-893.898283 -865.151764
-421.476522 -687.609244
-851.944020 -580.530392
598.538857 -715.563049
-882.990865 630.762757
517.529228 -169.299332
892.643105 692.406008
-545.539213 386.481306
-404.777231 621.787814
-525.406033 736.790476
-884.691572 -768.399088
390.672287 -56.882413
892.945770 440.532122
-40.806067 388.359569
507.749527 73.592436
443.133784 634.840345
958.898373 341.558408
-275.156852 36.686475
-430.613682 948.939163
-176.538180 267.229821
-648.730021 318.419969
27.746398 -497.589478
795.417619 -425.472590
-783.416776 -901.666980
346.603573 -609.655144
358.657113 -666.349811
328.793700 -935.314906
538.645309 -999.110124
-859.894216 -372.115052
221.410049 -900.845219
-297.251514 -86.147294
280.733228 -949.211082
-58.890057 949.999814
950.384141 -449.216562
589.162409 -276.257269
-713.911085 407.854589
332.478402 896.544349
-26.976847 465.255851
97.376019 555.623107
733.504450 -460.486184
376.408654 799.736365
340.256184 -19.375030
732.670415 55.032447
953.763281 429.596505
-548.746025 -469.479478
-521.473870 499.842532
-244.836662 -941.684193
968.056115 321.270661
-262.308734 563.003601
87.102023 -86.391548
989.546463 -778.186615
58.364155 -868.698001
-405.999330 695.195976
697.041683 25.430234
107.007125 358.614334
570.484885 -390.487175
-972.914956 -397.065185
820.984305 471.921542
-732.952199 639.889516
139.150413 -751.806178
248.508953 58.377619
888.049263 144.869715
-990.942320 88.346336
559.833686 -6.448205
-340.384709 175.222344
-833.911229 881.385280
-33.939578 -221.055648
849.653614 684.569439
-843.657149 -484.453541
350.079151 877.864417
-972.969432 722.394004
-824.443843 -184.336436
-551.251936 -972.910186
-815.045676 115.786986
-545.830791 -976.464365
267.168602 345.212751
31.582856 991.139785
-393.265847 743.615216
290.066807 338.689418
-832.471202 719.609890
583.567641 -141.639509
-175.230851 903.679466
84.262757 -623.689091
514.083992 -894.644288
67.694949 -687.181061
251.047845 773.655314
105.647510 829.353722
-103.296069 933.947450
426.494689 58.507156
320.394139 -980.352920
133.057167 -499.566582
-386.905211 -523.508786
81.158865 862.354125
-380.929334 -136.648929
889.336775 474.390121
-931.987257 296.645474
593.893308 -101.367622
-579.445735 -672.665248
-193.033836 -20.785573
-34.874358 -348.134556
300.113822 54.092157
821.354161 430.578713
-987.493155 98.771133
-523.627315 -488.783124
-389.473797 -211.501845
-567.819150 -735.588974
587.825773 -297.482512
-645.708982 996.889981
813.003550 712.396502
-634.443881 160.941570
-754.262583 -498.957137
-211.567653 325.836917
961.441883 854.781409
-682.984550 -458.371764
640.292328 -26.996943
-871.915658 -561.919431
-533.211617 -189.337771
465.156771 -655.810753
654.906927 151.755107
282.559551 -472.485305
284.414303 -977.088469
-502.260127 867.440657
545.239888 -892.529898
547.770250 760.234613
59.345027 418.515498
-279.306031 -393.475729
149.683908 849.365920
-830.099879 -234.608652
360