100
22.22 11.11
55.55 88.88
77.77 22.22
0.00 77.77
0.00 0.00
55.55 44.44
33.33 44.44
11.11 0.00
0.00 44.44
77.77 33.33
33.33 33.33
11.11 11.11
66.66 11.11
33.33 100.00
11.11 44.44
77.77 100.00
22.22 33.33
66.66 33.33
77.77 55.55
22.22 88.88
11.11 66.66
77.77 0.00
33.33 0.00
22.22 0.00
66.66 0.00
55.55 66.66
0.00 22.22
33.33 88.88
33.33 77.77
22.22 55.55
11.11 88.88
88.88 0.00
55.55 11.11
44.44 100.00
66.66 44.44
55.55 55.55
66.66 100.00
0.00 88.88
0.00 11.11
0.00 66.66
100.00 22.22
66.66 88.88
44.44 11.11
0.00 33.33
22.22 22.22
100.00 100.00
100.00 66.66
66.66 55.55
88.88 88.88
33.33 55.55
44.44 22.22
77.77 88.88
77.77 77.77
66.66 77.77
66.66 22.22
33.33 66.66
22.22 100.00
55.55 77.77
55.55 33.33
44.44 44.44
100.00 55.55
88.88 55.55
100.00 0.00
0.00 100.00
88.88 44.44
77.77 44.44
11.11 33.33
88.88 100.00
22.22 77.77
44.44 77.77
88.88 66.66
88.88 77.77
33.33 11.11
0.00 55.55
88.88 33.33
55.55 22.22
66.66 66.66
11.11 22.22
22.22 44.44
44.44 55.55
100.00 77.77
100.00 11.11
77.77 11.11
11.11 100.00
44.44 0.00
44.44 33.33
44.44 66.66
77.77 66.66
100.00 33.33
88.88 22.22
55.55 100.00
100.00 88.88
55.55 0.00
11.11 55.55
100.00 44.44
11.11 77.77
88.88 11.11
44.44 88.88
33.33 22.22
22.22 66.66
36