1001
188.21738 900.29963
774.25308 925.89270
618.48281 339.25463
1.77761 974.89241
543.48112 830.37121
992.02202 973.30282
126.60308 731.43624
785.78085 905.41635
694.51679 592.79394
679.55239 404.93860
393.40565 90.24609
799.34551 336.85508
70.11716 604.60112
602.77752 131.09166
681.10169 295.79746
739.40117 394.48280
196.09708 38.81797
320.37550 814.57989
378.07260 847.31685
314.63602 446.71746
202.85179 831.82177
945.18401 329.45487
563.25800 256.12858
760.03496 782.93852
848.92253 439.58734
187.87711 242.32817
529.83343 987.22263
104.34699 125.11432
591.82374 232.28824
256.20598 798.08917
528.08570 995.60715
192.57196 249.34651
34.42512 38.11119
589.09013 937.66146
885.42805 903.72615
909.54265 613.44357
260.71164 379.89038
942.89844 349.13338
636.01897 228.09712
132.07189 484.94149
667.68446 319.94901
252.43339 722.68162
832.33537 356.78038
847.79595 949.32284
114.23236 104.00192
747.41200 642.31806
624.77281 465.14770
416.82831 184.36166
28.42262 5.91843
122.02311 913.85067
434.80832 31.56576
52.45796 695.51996
411.45614 520.52014
44.65333 47.47510
748.61726 176.72523
57.58032 416.30172
21.83797 310.01372
664.14707 854.17334
191.95783 37.10674
328.65990 831.35393
666.27241 76.07190
473.67199 291.04521
66.38333 415.66403
475.40687 94.80595
421.58246 122.59371
533.82036 856.39078
679.32321 586.27832
77.07447 90.77935
106.79845 121.72780
663.41819 855.41572
823.61677 246.16225
796.88117 845.45474
81.33970 461.02823
224.79180 798.46127
23.29871 553.45171
629.81520 689.57112
154.68734 628.65092
980.61633 221.07067
44.31494 981.18693
841.04036 991.06114
103.78063 374.86071
372.61565 783.10385
486.30277 449.69012
399.04693 593.10122
96.58165 587.62885
973.68067 920.19843
833.79110 295.72556
290.81689 440.29453
756.75380 515.60870
238.75580 780.05251
594.22414 393.73473
469.62362 748.91148
22.38564 975.40368
495.14588 591.86432
956.59060 336.18623
108.08918 585.53496
236.21068 480.70483
368.63880 722.51345
930.39495 767.68573
840.77840 26.97660
880.47832 339.62280
472.33876 239.43314
635.34836 763.15565
679.72768 917.26589
803.92808 443.64721
222.48212 398.15221
837.38194 217.26947
672.22742 384.93131
192.67314 167.37329
501.95936 674.42747
28.72326 610.04854
259.96243 264.93394
90.75337 628.60123
512.61112 546.31205
921.45070 878.55325
98.45238 801.92901
218.17604 570.79114
41.36214 853.52441
859.11053 246.25355
770.79029 663.03860
689.90076 993.27242
61.19081 52.44642
210.54188 733.41823
962.54147 928.37877
425.95526 464.50082
602.80623 979.84226
74.54936 862.76866
244.77619 690.46647
16.53362 282.55104
236.77851 463.14805
161.10428 860.39464
790.24079 379.28033
431.18577 831.60293
757.96847 290.29629
603.02022 528.75875
478.49863 818.08471
47.19489 64.85317
395.69487 257.73678
798.27140 358.23633
711.27928 749.39039
347.90089 314.08550
729.23264 422.45025
702.01790 499.17256
638.08045 243.71525
306.88733 874.85896
706.86330 467.99162
735.25359 497.10408
372.43568 691.60310
853.87074 130.40414
507.06312 982.05469
659.16289 985.56175
800.13940 231.52152
50.41491 195.83426
14.42203 373.85005
79.23432 725.70131
648.40417 427.13521
39.78680 377.63681
374.74919 266.96843
401.97310 12.82963
35.84741 708.86044
412.85233 742.71071
702.01579 673.26965
764.97852 74.45146
890.03648 144.01299
204.85560 397.09960
126.06767 389.18222
907.82508 926.20707
620.70374 483.40373
647.20506 635.12577
382.41751 251.60312
360.82707 30.82167
678.73833 925.77762
933.62222 578.65126
717.90978 860.75906
116.64462 753.75720
94.78322 529.49695
496.46790 796.79901
727.93034 786.61016
871.25047 617.96681
930.62315 76.10606
540.23014 56.69081
990.45202 973.21896
508.06162 611.15576
981.78642 680.43041
771.44526 364.20392
932.03353 132.27233
920.18933 135.93559
583.21368 378.97528
239.75058 301.12345
239.73433 356.39520
54.88064 334.51755
411.05589 76.51228
131.31655 138.98622
863.12244 527.73075
282.11676 318.90931
603.83681 822.34691
900.76386 119.45255
320.72959 408.82547
730.60831 302.51600
614.41962 502.05357
191.88365 71.61687
159.48963 112.07297
732.71620 742.70331
491.04825 972.46678
43.82675 255.94631
328.86198 623.87114
115.62759 739.91787
700.38342 246.94414
404.06782 88.66958
774.67489 686.18458
407.57889 903.67543
33.69521 308.34274
23.12798 354.42480
242.33195 278.90002
182.10453 381.91530
780.95359 373.98818
978.69591 465.60695
486.06116 711.41211
208.31025 502.27314
683.87888 777.30075
758.21946 12.74085
926.33562 873.84705
277.82245 626.71903
645.95493 681.89027
240.55234 945.79355
368.07485 173.29496
849.46898 926.93380
6.80143 397.76069
281.35860 774.29712
676.66071 463.46313
156.21241 982.77804
362.61505 660.07206
448.38498 848.67621
371.48416 181.85897
350.94934 55.36303
484.32345 634.33253
593.26763 410.65906
508.17958 871.09008
562.54182 679.29824
78.14408 803.09416
625.09178 971.38267
501.55285 999.72449
898.31646 508.35428
397.48517 704.83879
282.65140 599.30962
693.46566 964.02755
107.25138 56.08070
624.09960 80.80009
429.92064 520.74749
262.65906 306.03371
576.11053 272.14624
940.36625 694.54189
682.80530 973.70956
90.79569 245.34711
653.00779 168.93977
573.60500 803.26330
665.48617 75.15784
802.98779 563.80263
108.67586 725.63669
793.80515 391.32726
324.94630 487.27080
880.51854 432.19768
68.51523 29.78187
38.16151 498.43587
550.52936 825.98431
804.46959 651.80362
98.13055 744.83583
871.50924 780.93585
243.70911 962.30494
551.44670 896.71690
656.40844 650.21543
225.14392 321.89461
725.37328 28.13170
410.86097 834.04914
753.76840 204.66611
750.54013 603.87843
691.93692 156.22239
561.23985 285.61588
186.00426 599.40136
784.05176 261.69736
425.38566 588.52134
438.66471 48.67994
858.52090 310.17395
829.61580 102.23000
797.64262 906.22623
524.11063 454.05105
556.44165 274.41828
301.10939 806.97866
302.54999 711.97036
166.19152 56.31838
916.63648 916.73165
660.19681 133.73712
72.95404 746.60039
419.35300 784.12204
346.00174 728.56849
570.98313 296.55114
842.25356 534.81158
345.23108 700.77445
370.14926 700.01061
328.16818 167.79187
606.23683 377.44254
147.00665 687.84222
651.86083 448.11605
494.82087 479.57455
685.25014 661.01240
61.05666 127.05034
102.90777 721.25347
785.95120 701.02555
993.01760 730.46794
10.31132 339.01933
459.03642 581.29445
635.57047 301.28998
641.26976 980.80156
527.22816 11.41901
680.81216 380.56008
704.37462 812.21273
283.16635 851.38128
25.21867 935.02718
824.66106 520.03954
414.60172 35.07492
706.21567 0.82211
162.12527 809.12345
722.07559 473.24020
35.31272 240.25691
203.70813 45.62404
579.27624 662.74456
152.08223 740.01045
489.19827 793.35199
720.81200 541.59016
329.93474 926.78789
922.15024 34.30935
264.16434 205.31659
410.85436 289.38301
665.50750 760.67915
334.58629 605.27296
795.75408 40.80195
606.09507 483.04308
375.08913 853.33439
956.28328 410.40186
93.59129 159.99141
981.18964 672.86754
347.89970 133.27186
412.87798 362.26170
926.62386 658.85371
903.85186 781.72233
110.80532 826.00210
816.03168 900.13341
556.48242 226.88604
189.51641 221.98991
512.72892 49.26643
827.26287 308.48299
615.23213 958.52168
316.68980 990.32126
811.85606 272.97308
925.88685 905.44736
958.12823 907.07649
103.47862 831.19166
40.34834 41.52033
718.61709 492.13593
225.53777 622.46894
273.85825 861.50683
973.63477 615.05367
761.64023 55.28091
367.10344 476.32038
277.27083 879.83236
525.58681 629.69743
713.47909 140.81893
588.21910 30.16888
656.30393 925.23890
828.30570 582.19077
830.68625 311.59765
14.43098 459.32860
667.95304 579.94307
500.84893 386.57012
72.07899 726.38670
534.20280 871.10099
587.89352 507.83756
11.31838 349.53375
563.11848 378.42182
351.01786 365.55304
783.41791 876.60467
520.41420 496.89699
542.58734 108.63330
52.22961 198.89126
33.87219 880.53531
306.24576 389.72217
717.29670 320.67675
849.05077 385.24973
425.78355 349.89969
771.81986 497.86254
601.45012 306.02265
894.12726 189.34363
339.02394 905.44564
64.04111 427.30615
809.03119 940.22271
792.85919 592.44910
816.82738 313.27339
614.50982 884.57845
947.07043 666.73943
83.46970 506.10635
547.27474 914.87920
895.82852 264.57143
760.71968 744.87928
174.98489 186.50322
619.94270 946.80475
209.52950 221.39281
252.82739 103.65675
935.90018 117.01507
534.26613 525.10503
544.32122 343.29731
990.49147 337.18041
460.91014 332.48257
175.61753 75.41996
217.06101 122.68795
742.15939 825.69445
628.79430 814.59786
740.57365 49.78654
604.33302 501.29332
794.66582 779.31792
687.79655 939.77225
251.28639 897.32605
686.32879 29.27752
526.14653 147.39269
146.29259 585.57639
197.66145 690.61381
454.03744 188.15292
552.95795 914.94758
520.63549 728.57548
515.53127 737.69651
376.42716 782.85440
88.55468 530.38519
597.45225 829.12833
580.17173 726.94901
855.58539 900.00128
31.43065 68.54566
839.77352 282.71704
491.03544 51.26603
311.99456 542.34570
198.65873 458.28715
127.92209 396.32018
148.90096 581.95953
109.63683 227.02264
22.07083 630.27233
955.59813 62.76584
893.13257 857.18902
845.62024 981.68725
387.57421 968.23622
335.97931 967.74594
695.18522 716.72843
867.74722 726.61587
785.27409 707.52073
9.33291 276.30952
758.78677 321.32747
818.65522 482.60923
304.77836 471.74104
404.09314 453.67932
578.86430 513.72998
205.86569 126.09887
144.00230 686.62755
188.86471 562.29860
543.81657 34.48494
69.14957 931.39078
2.72115 405.12888
899.13671 223.07011
121.85730 292.04765
949.68598 432.29512
524.73212 484.18262
708.60464 808.68262
805.51010 52.42359
291.29184 110.28845
49.32836 695.38498
89.13150 628.19267
209.11495 820.16093
754.29154 878.28099
506.78848 943.15625
440.57958 50.60504
502.80492 509.72916
507.15955 30.68980
440.02177 931.45999
253.75991 87.04281
223.50764 203.44589
519.33793 748.23976
687.62851 227.94257
556.92237 18.30233
805.52990 373.37794
653.75452 854.85826
593.92665 268.04975
483.05092 803.04161
88.21068 762.50619
206.48632 120.16289
230.82616 172.22964
170.76793 733.63108
207.12253 677.92748
764.32089 647.14430
609.38746 18.08079
734.18711 358.05883
746.69042 253.52504
631.46232 959.48267
6.63134 188.38468
502.94873 337.32497
86.92635 681.86699
192.18322 680.85301
949.91674 200.39788
9.05834 563.29115
962.90407 740.70840
208.61777 193.73023
912.93804 379.38570
452.52504 120.06056
582.47691 216.84592
292.36860 717.02811
760.09046 26.55570
600.25067 31.94460
805.24448 231.71299
991.42727 337.03955
945.26141 494.37600
674.36452 32.18776
701.40672 866.54775
238.20450 651.32345
592.10936 772.42658
739.77834 80.17715
513.13497 473.55984
799.07112 426.07301
852.94555 251.59616
71.29730 960.58619
993.60582 363.66590
202.77802 278.86000
915.38535 803.02870
310.80461 245.79355
559.90542 302.23187
582.83311 505.16682
321.77160 257.19762
537.35458 23.17831
648.90910 300.72281
199.66550 241.01845
73.14938 464.60757
846.35935 111.44809
938.16741 645.43046
62.68483 316.27668
422.19035 133.98213
802.02661 415.79617
22.81177 529.96836
694.65617 463.36085
858.16079 530.62451
709.15440 418.06620
358.02012 817.15124
923.23303 204.95545
599.51260 985.75134
753.29751 248.42169
286.47415 478.12674
14.60388 884.78727
942.73431 860.96323
996.23536 406.06544
31.55741 58.92018
247.50586 453.74777
718.06606 49.53246
394.70767 266.04156
104.66455 614.52757
254.56614 962.82535
145.15208 488.88427
380.89154 503.17220
306.03551 304.12456
708.12765 905.54811
289.87590 461.42515
679.13353 101.51378
939.55189 218.90114
511.46478 407.44992
605.02810 32.86387
338.67910 636.58552
91.78405 586.18496
615.49702 335.01384
160.88115 10.20468
126.21913 265.54570
624.73225 380.78527
753.53478 769.88433
869.66955 134.42632
798.22026 700.86879
963.71462 31.51164
131.58062 778.75425
18.10052 335.87788
880.26803 482.81615
79.94276 916.89655
415.42980 684.97086
949.76042 754.10890
846.72011 566.70820
865.45759 987.38086
426.88578 26.33873
997.58554 553.10491
817.04818 147.48152
459.05392 570.58295
917.36585 853.88720
230.17300 240.74984
554.75598 193.88762
272.26148 211.50033
972.64187 815.52574
72.54194 378.07363
298.34188 152.48470
294.97017 713.77169
837.45557 244.73058
467.88058 209.33940
811.43878 333.33817
196.72026 238.32455
884.84064 719.46953
316.59320 701.88881
866.95105 775.64712
797.63550 309.48063
629.53431 27.80849
550.23047 709.45402
221.69611 347.65568
446.11808 194.33798
163.18141 518.66002
97.57534 461.52330
671.14473 392.54551
700.45872 33.76402
162.43982 168.33929
768.26716 499.04233
26.84119 964.98742
262.53062 436.84557
684.45695 579.12382
663.89811 76.57172
879.93467 461.53360
386.05235 34.63270
489.34210 461.44655
269.25045 236.20194
809.10223 715.36853
955.70366 497.44738
759.19228 53.27899
958.97068 955.50074
970.98824 184.59312
989.26476 133.42805
878.09615 757.53192
157.63412 904.93735
247.68306 420.16474
866.94665 457.30374
999.28856 530.84475
533.87547 879.22322
992.37836 445.09155
439.01965 6.88418
906.53811 708.27010
243.08612 715.64033
423.63862 723.95352
213.08770 182.83089
302.39624 697.22211
663.49537 273.38448
881.81523 652.76012
931.97627 285.07511
935.45577 89.61038
715.17619 708.30257
34.93885 582.12283
690.77004 34.22740
112.96757 224.64550
438.61435 630.50966
194.90079 877.63400
637.39384 101.43889
111.06782 405.64370
342.24295 534.70644
129.59721 555.33066
242.70107 957.15719
777.71650 906.19644
230.54166 184.69546
84.12028 687.68167
469.77057 544.73979
302.45578 184.94675
253.04235 337.39464
292.23331 468.97612
896.78578 405.20088
218.78536 335.40013
35.71054 413.68615
738.19786 198.26811
515.12504 374.42942
603.91181 857.36799
909.13586 258.67275
937.86238 677.00066
215.82994 715.57888
108.36082 971.53534
425.43807 717.64485
659.21700 420.37237
262.38463 961.67279
605.31912 40.59071
299.06742 422.71616
34.73056 721.01693
827.91704 253.51592
581.58079 388.79131
667.20207 319.77865
587.05943 182.32710
219.37180 716.13497
564.85883 128.50765
974.80773 502.72120
330.67205 715.80140
743.46381 964.19661
687.33673 694.06561
207.00518 871.71747
114.43797 994.55355
358.55398 244.92082
35.14425 182.78513
667.63698 69.87482
903.80206 495.55402
848.55448 485.38285
409.50906 515.75655
330.32523 996.56849
223.24738 549.69703
712.70346 788.10621
203.36841 212.67491
815.99115 59.20419
453.64004 84.61868
23.40080 666.14050
778.68430 755.56972
63.02169 893.12227
750.12327 421.57567
138.04309 310.43125
604.36080 805.68007
905.46981 33.32659
826.39782 754.02429
518.70944 235.90688
269.78083 374.19840
757.63910 18.19194
923.89543 995.50629
331.46189 652.42757
208.18119 147.45303
711.63177 186.98496
757.23545 260.19630
853.12547 61.08347
15.76601 916.14716
479.36948 291.05301
862.88657 617.41257
601.48427 992.41110
948.25637 506.95407
25.73768 299.81792
260.97835 69.61085
60.88853 55.92291
968.97299 818.52763
74.11486 418.03214
814.03392 405.57675
70.45971 547.37884
78.19351 307.25521
734.36381 835.42896
567.45151 112.65300
421.67617 108.38125
553.96389 901.04565
399.43427 416.85045
43.62194 526.08227
934.42529 991.87831
33.03633 960.16297
816.85996 819.17843
554.93756 877.74849
875.10134 523.91054
696.27612 474.37993
941.94269 35.47376
879.95668 537.56613
582.85260 483.31392
844.82134 842.38014
318.74288 937.43658
480.19687 740.41905
45.81782 34.16076
641.46469 970.41583
976.17495 210.25036
496.49809 435.76396
202.12866 54.69816
395.92693 544.15236
873.87659 476.02822
421.90084 748.97792
525.10249 643.34069
223.35785 467.04517
678.81445 628.47826
529.77503 786.83079
111.79218 374.59636
154.37465 955.69880
312.03293 634.57153
221.28157 883.01450
193.89602 387.90999
853.43032 695.23470
598.16035 875.09215
130.99866 325.45274
929.79031 52.08932
869.60510 803.66689
528.11754 816.66968
77.80853 578.38376
985.17410 826.33012
570.59267 189.15228
979.97212 100.36769
975.98307 616.92803
474.96406 655.52145
572.62682 312.16072
290.09297 793.90839
195.17521 9.15272
706.98211 573.76927
704.38743 305.14245
448.86141 835.38609
630.59519 903.81545
412.63914 25.36402
232.64606 465.92041
367.19743 835.61833
44.30416 352.37152
187.11218 614.89683
541.52380 167.08429
715.26453 42.67059
784.01232 715.39232
698.19205 881.80287
27.55303 513.44875
200.87498 222.72825
522.60148 907.85709
321.66125 226.98890
738.16327 295.68639
587.53872 368.75845
199.50183 0.17785
919.28621 432.14789
991.26200 286.48363
792.92995 35.56615
164.01889 980.04213
175.62672 705.54269
147.12641 890.89125
748.21329 456.30246
131.44729 971.56907
338.10532 159.00032
485.01781 538.98030
906.89231 7.61928
446.83738 228.55355
759.77192 185.00064
524.23994 872.47437
78.92283 248.90550
872.65222 523.37277
206.21712 389.07794
809.85641 999.14708
424.64410 973.87530
979.18920 600.27082
204.58171 651.47935
16.32579 477.95873
107.78180 672.93682
449.52779 445.88713
357.10087 934.54561
984.86743 263.99318
467.32862 956.86855
17.71046 227.10054
667.03292 67.11414
99.57490 745.95575
316.01964 497.39086
794.49226 47.40050
886.46880 129.51239
46.54757 836.27663
628.55142 550.90050
961.71118 833.13313
202.37984 978.03697
311.09186 835.32539
176.13751 760.61965
281.21251 533.23839
220.32898 791.24367
797.23157 687.65761
273.27594 340.10576
439.92188 940.30887
407.21990 539.49678
211.42834 248.40328
562.05137 5.92059
295.80378 448.52017
135.43298 867.51509
284.79679 763.98440
418.41558 771.67171
597.11753 145.95916
749.70867 433.37312
981.28455 925.84619
719.15650 787.66079
984.24831 939.48549
578.90445 781.47987
152.30682 852.18040
646.74936 592.22870
317.65299 53.96926
131.72547 529.08133
827.53628 218.94058
535.00193 648.50379
667.46075 670.43491
516.01887 477.42127
434.41931 459.59818
249.09297 556.70057
605.55734 523.96538
515.23742 112.00561
974.97530 234.39391
899.66640 959.22360
699.04313 3.73458
265.86719 851.34995
855.91498 912.61655
443.57864 698.73170
491.74954 100.46785
227.81302 844.44955
319.40843 762.81495
492.95333 512.03291
958.41360 8.97219
514.61791 917.99664
993.73412 763.71089
999.86094 599.29145
812.84000 515.09835
236.46080 312.97902
749.49226 136.12719
272.20261 448.53539
139.86177 63.23353
299.88533 520.94048
975.85008 268.62771
219.67217 992.76336
894.25930 447.48520
837.21290 738.83146
735.46388 330.16623
250.86436 219.04120
864.30216 765.48227
137.03783 858.03627
54.35688 136.89876
982.49146 392.36061
177.16084 218.95225
705.33963 926.65311
880.24318 502.70597
375.18849 20.10495
565.93950 200.23755
66.20916 66.95331
994.02900 285.88134
584.88040 888.28829
258.53027 422.09329
627.11974 519.15788
277.42325 403.14783
738.19909 666.88915
693.79384 400.40065
50.08914 273.31445
537.29942 557.74433
665.67507 714.46026
301.86031 896.17843
166.27709 182.10349
398.88440 66.62931
202.20844 489.98763
792.03061 268.41760
556.94094 786.05960
79.46267 141.82133
199.51162 337.99294
89.07836 351.79509
857.15083 891.66535
280.10666 120.51364
558.55449 973.90050
520.91429 608.64364
772.37868 583.37744
691.55170 438.05374
823.00144 993.41202
859.39591 989.27853
175.51550 258.28030
581.07158 902.88768
273.43166 373.10218
171.30527 355.53634
159.16177 775.93169
22.52140 883.83713
113.92462 111.59976
235.63222 496.23918
528.42885 515.73888
141.91655 86.98333
14.80310 662.83085
220.79070 787.18178
771.37202 912.34241
750.39926 594.37345
905.75442 609.79516
108.81571 606.43365
393.23919 689.88729
509.32132 666.67085
62.98946 205.79032
22.20718 747.31497
981.72201 569.89233
156.31583 620.81037
681.49209 391.94805
642.21328 209.92093
432.85066 784.12984
822.06801 447.65376
972.12442 568.02244
234.83553 743.49643
480.36484 510.39852
337.86988 911.28299
120.19367 446.68559
517.71663 513.43286
661.73661 27.03794
705.26745 724.72607
232.82827 252.63836
997.20477 214.55027
822.53069 153.52059
360.52437 29.18651
70.63237 2.73765
764.27118 503.48303
786.86749 586.33918
476.30052 758.99190
154.36162 236.29979
502.48832 159.89019
746.69831 365.52193
596.33692 866.89199
337.37125 114.05354
905.48858 999.10786
666.25523 135.91975
248.99765 424.24723
388.55812 771.36616
163.96123 211.08880
924.88675 524.48561
765.43905 520.68286
527.22326 529.71023
24.16588 839.25448
641.21314 25.63014
123.41010 320.73849
261.92993 625.89842
480.62869 8.62823
516.58409 602.12934
400.68395 853.95534
241.34661 831.33627
853.06320 907.60184
967.25602 627.22458
180