662
0 20
0 39
0 45
0 58
0 64
0 77
2 11
2 16
2 25
2 31
2 32
2 33
2 35
2 38
2 39
2 43
2 44
2 47
2 48
2 49
2 54
2 56
2 59
2 60
2 64
2 65
2 68
2 69
2 70
2 75
2 77
2 82
2 9
3 41
3 62
5 101
5 36
5 97
9 101
9 94
9 97
10 15
10 24
10 35
10 79
10 95
10 99
11 15
11 24
11 35
11 5
11 79
15 100
15 36
15 96
16 25
17 32
17 33
17 38
17 44
17 47
17 54
17 56
17 59
17 65
17 68
17 75
17 77
18 42
18 48
18 63
18 69
25 48
25 49
25 59
25 60
25 62
25 74
25 75
25 76
25 77
26 63
28 103
28 14
28 18
28 23
28 8
31 15
32 93
34 27
34 93
35 100
35 5
38 103
38 14
38 18
38 23
38 8
40 48
40 74
40 76
41 47
41 58
41 64
41 77
48 103
48 19
48 35
48 36
48 39
48 40
48 42
48 46
48 48
48 50
48 51
48 54
48 55
48 59
48 60
48 63
48 64
48 65
48 70
48 72
48 75
48 77
48 90
48 92
49 57
51 100
51 24
51 27
51 31
51 45
51 47
51 49
51 81
51 85
51 95
51 98
55 42
56 42
56 46
56 48
57 22
57 25
57 42
57 46
57 48
57 79
57 86
57 9
57 94
57 97
58 42
58 82
61 0
61 100
61 109
61 45
61 47
61 49
61 85
61 95
61 98
63 103
63 35
63 39
63 51
63 54
63 60
63 63
63 70
63 72
63 75
63 77
64 19
64 43
64 44
64 58
64 64
71 100
71 102
71 14
71 30
71 34
71 36
71 38
71 42
71 44
71 45
71 53
71 55
71 59
71 60
71 63
71 64
71 68
71 69
71 70
71 73
72 0
74 11
74 36
74 41
74 44
74 48
74 6
74 73
74 75
74 79
74 84
74 9
74 90
74 94
77 37
77 76
78 34
78 37
78 42
78 45
78 87
78 90
78 94
79 34
79 37
79 42
79 45
79 72
79 88
79 92
80 20
80 34
80 37
80 42
80 45
80 49
80 5
80 72
80 8
80 96
81 37
81 45
84 11
84 48
84 6
84 73
84 75
84 79
84 84
84 89
84 9
84 93
86 14
86 59
86 63
86 69
87 30
87 39
87 40
87 46
87 47
87 70
90 0
94 101
94 13
94 16
94 18
94 24
94 31
94 34
94 36
94 38
94 39
94 41
94 43
94 45
94 46
94 47
94 49
94 50
94 53
94 54
94 58
94 59
94 62
94 63
94 64
94 69
94 99
95 56
97 11
97 14
97 17
97 21
97 35
97 38
97 40
97 42
97 45
97 7
97 78
97 83
97 89
97 93
100 75
101 15
101 36
101 43
101 86
101 89
101 93
102 13
102 15
102 34
102 36
102 39
102 41
102 43
102 87
102 91
103 13
103 15
103 20
103 34
103 36
103 39
103 41
103 43
103 5
103 71
103 95
104 8
107 0
107 11
107 14
107 21
107 35
107 40
107 42
107 78
107 83
107 88
107 92
108 0
109 24
109 47
109 50
109 53
109 59
109 62
109 69
110 31
110 57
110 63
117 101
117 11
117 13
117 28
117 29
117 31
117 33
117 35
117 36
117 38
117 44
117 51
117 55
117 57
117 58
117 59
117 62
117 63
117 99
120 17
120 20
120 24
120 32
120 35
120 37
120 39
120 41
120 56
120 68
120 74
120 78
120 8
120 83
120 89
120 93
123 75
124 33
124 86
124 89
124 93
125 31
125 33
125 36
125 38
125 55
125 87
125 91
126 15
126 18
126 31
126 33
126 36
126 38
126 40
126 55
126 95
127 5
127 65
130 32
130 37
130 39
130 41
130 56
130 68
130 74
130 78
130 8
130 83
130 88
130 92
132 11
132 13
132 28
132 44
132 58
132 59
132 62
133 51
140 101
140 11
140 14
140 16
140 19
140 21
140 23
140 24
140 25
140 28
140 29
140 43
140 44
140 47
140 49
140 52
140 53
140 57
140 58
140 61
140 62
140 63
140 68
140 70
140 85
141 55
143 33
143 36
143 40
143 48
143 75
143 77
143 8
143 80
143 82
147 46
148 46
149 10
149 23
149 31
149 34
149 46
149 76
149 79
149 91
150 5
150 72
153 15
153 21
153 75
153 77
153 8
153 80
153 82
155 11
155 17
155 23
155 28
155 29
155 43
155 44
155 52
155 58
155 61
155 68
155 70
155 85
156 101
156 18
156 24
156 56
156 62
163 101
163 103
163 11
163 14
163 16
163 19
163 21
163 23
163 24
163 25
163 28
163 31
163 33
163 36
163 38
163 40
163 41
163 42
163 48
163 50
163 51
163 54
163 55
163 59
163 60
163 63
163 64
163 65
163 70
163 72
164 57
166 45
166 7
166 76
166 80
166 85
166 91
166 95
169 77
170 88
170 91
170 95
171 89
171 93
172 10
172 23
172 27
172 40
172 44
172 5
172 74
172 97
176 15
176 21
176 32
176 38
176 45
176 80
176 85
176 90
176 94
178 11
178 17
178 23
178 28
178 34
178 40
178 48
178 51
178 54
178 60
178 63
178 70
178 72
179 18
179 24
179 35
179 41
179 58
179 64
185 0
186 0
186 101
186 103
186 22
186 28
186 29
186 32
186 34
186 45
186 46
186 48
186 51
186 6
187 0
188 0
189 33
189 37
189 40
189 42
189 49
189 55
189 58
189 62
189 66
189 70
189 76
189 80
189 85
189 91
189 95
192 77
193 31
193 88
193 91
193 95
194 31
194 48
194 89
194 93
195 12
195 31
195 36
195 39
195 48
195 53
195 56
195 97
196 63
196 67
199 37
199 40
199 42
199 49
199 66
199 70
199 76
199 80
199 85
199 90
199 94
201 28
201 46
201 51
201 6
202 22
209 0
210 0
216 0
227 15
227 29
227 43
227 45
227 52
227 57
227 71
84