496
33.33 88.88
0.00 22.22
3.70 29.62
22.22 74.07
74.07 70.37
92.59 3.70
62.96 44.44
96.29 66.66
48.14 62.96
51.85 37.03
18.51 11.11
62.96 55.55
33.33 51.85
92.59 22.22
33.33 48.14
18.51 25.92
100.00 0.00
70.37 100.00
25.92 25.92
44.44 40.74
33.33 3.70
7.40 18.51
77.77 25.92
33.33 59.25
11.11 11.11
59.25 37.03
22.22 11.11
88.88 0.00
88.88 81.48
70.37 22.22
66.66 48.14
11.11 18.51
74.07 85.18
18.51 88.88
62.96 37.03
48.14 59.25
51.85 44.44
33.33 55.55
14.81 25.92
92.59 29.62
96.29 33.33
81.48 0.00
0.00 29.62
74.07 14.81
70.37 66.66
22.22 7.40
25.92 96.29
14.81 88.88
7.40 14.81
18.51 33.33
88.88 100.00
22.22 81.48
100.00 74.07
0.00 66.66
85.18 3.70
25.92 88.88
25.92 77.77
88.88 14.81
88.88 74.07
66.66 88.88
33.33 62.96
92.59 74.07
85.18 77.77
74.07 92.59
33.33 70.37
3.70 11.11
25.92 11.11
85.18 29.62
66.66 0.00
70.37 25.92
7.40 81.48
18.51 74.07
22.22 96.29
3.70 3.70
14.81 66.66
3.70 66.66
100.00 88.88
74.07 0.00
92.59 96.29
85.18 85.18
70.37 96.29
55.55 33.33
7.40 70.37
25.92 92.59
70.37 0.00
14.81 11.11
100.00 18.51
11.11 33.33
0.00 81.48
81.48 77.77
74.07 33.33
11.11 14.81
18.51 0.00
66.66 96.29
100.00 33.33
7.40 33.33
77.77 96.29
37.03 51.85
74.07 25.92
14.81 29.62
85.18 100.00
33.33 0.00
85.18 11.11
66.66 40.74
100.00 14.81
22.22 25.92
0.00 77.77
14.81 85.18
88.88 92.59
88.88 70.37
51.85 48.14
55.55 48.14
44.44 51.85
62.96 59.25
48.14 51.85
81.48 33.33
40.74 51.85
44.44 48.14
3.70 81.48
25.92 18.51
88.88 33.33
100.00 70.37
96.29 18.51
33.33 74.07
18.51 70.37
70.37 18.51
0.00 3.70
59.25 59.25
70.37 29.62
14.81 74.07
7.40 11.11
66.66 25.92
0.00 74.07
37.03 59.25
3.70 74.07
29.62 25.92
96.29 74.07
70.37 74.07
37.03 44.44
0.00 70.37
25.92 22.22
85.18 18.51
96.29 14.81
22.22 33.33
100.00 66.66
77.77 11.11
70.37 3.70
22.22 29.62
77.77 14.81
3.70 0.00
66.66 37.03
74.07 96.29
25.92 29.62
96.29 7.40
100.00 85.18
81.48 85.18
66.66 81.48
59.25 40.74
29.62 14.81
81.48 25.92
92.59 0.00
66.66 55.55
7.40 66.66
77.77 0.00
62.96 40.74
88.88 11.11
29.62 18.51
70.37 77.77
33.33 25.92
25.92 3.70
3.70 100.00
66.66 59.25
3.70 88.88
29.62 11.11
7.40 85.18
100.00 81.48
33.33 40.74
40.74 62.96
85.18 22.22
74.07 7.40
81.48 100.00
44.44 37.03
55.55 37.03
14.81 14.81
55.55 44.44
0.00 88.88
0.00 7.40
81.48 29.62
77.77 33.33
33.33 18.51
48.14 40.74
77.77 77.77
25.92 81.48
3.70 25.92
37.03 62.96
66.66 3.70
92.59 70.37
29.62 3.70
14.81 70.37
92.59 85.18
55.55 66.66
22.22 0.00
48.14 44.44
70.37 11.11
29.62 29.62
88.88 3.70
18.51 29.62
7.40 100.00
62.96 66.66
33.33 81.48
11.11 66.66
33.33 96.29
25.92 66.66
66.66 70.37
96.29 70.37
7.40 0.00
77.77 92.59
14.81 22.22
25.92 85.18
18.51 18.51
74.07 11.11
77.77 7.40
7.40 88.88
62.96 33.33
59.25 44.44
48.14 48.14
77.77 70.37
11.11 7.40
40.74 66.66
0.00 11.11
51.85 62.96
74.07 29.62
74.07 77.77
88.88 7.40
81.48 7.40
48.14 66.66
88.88 22.22
55.55 62.96
85.18 70.37
22.22 18.51
92.59 18.51
14.81 92.59
37.03 55.55
88.88 25.92
3.70 92.59
14.81 77.77
25.92 14.81
66.66 7.40
44.44 66.66
33.33 77.77
85.18 66.66
85.18 74.07
22.22 14.81
81.48 11.11
77.77 81.48
18.51 85.18
44.44 62.96
25.92 74.07
55.55 51.85
62.96 62.96
55.55 59.25
14.81 33.33
22.22 22.22
0.00 18.51
96.29 85.18
66.66 74.07
18.51 77.77
59.25 33.33
96.29 3.70
59.25 55.55
11.11 25.92
40.74 48.14
29.62 0.00
14.81 18.51
29.62 81.48
0.00 96.29
37.03 33.33
92.59 11.11
3.70 18.51
22.22 66.66
3.70 14.81
18.51 96.29
29.62 66.66
29.62 22.22
96.29 11.11
0.00 33.33
0.00 0.00
88.88 96.29
70.37 33.33
11.11 88.88
25.92 0.00
66.66 62.96
3.70 22.22
40.74 44.44
74.07 3.70
74.07 22.22
14.81 96.29
74.07 74.07
37.03 40.74
25.92 7.40
85.18 96.29
37.03 48.14
37.03 37.03
29.62 70.37
92.59 88.88
0.00 14.81
0.00 100.00
29.62 77.77
81.48 18.51
29.62 92.59
96.29 22.22
25.92 70.37
88.88 77.77
81.48 81.48
29.62 85.18
92.59 33.33
96.29 92.59
100.00 96.29
100.00 7.40
51.85 33.33
70.37 7.40
55.55 55.55
77.77 22.22
33.33 33.33
11.11 81.48
29.62 88.88
33.33 7.40
77.77 88.88
40.74 59.25
62.96 48.14
29.62 100.00
66.66 18.51
51.85 51.85
66.66 51.85
0.00 85.18
55.55 40.74
81.48 3.70
7.40 25.92
11.11 29.62
85.18 25.92
11.11 92.59
92.59 66.66
14.81 81.48
66.66 66.66
29.62 96.29
92.59 77.77
92.59 92.59
85.18 81.48
22.22 70.37
0.00 92.59
100.00 92.59
66.66 33.33
14.81 3.70
18.51 7.40
59.25 66.66
85.18 88.88
0.00 25.92
81.48 96.29
7.40 29.62
96.29 0.00
85.18 0.00
7.40 3.70
59.25 48.14
18.51 81.48
92.59 100.00
74.07 18.51
18.51 100.00
44.44 44.44
40.74 37.03
70.37 92.59
7.40 92.59
3.70 70.37
33.33 14.81
40.74 33.33
18.51 92.59
7.40 96.29
33.33 100.00
81.48 88.88
11.11 70.37
85.18 33.33
100.00 11.11
100.00 22.22
25.92 100.00
11.11 22.22
70.37 14.81
96.29 100.00
14.81 0.00
59.25 51.85
66.66 92.59
33.33 85.18
100.00 77.77
3.70 33.33
48.14 55.55
92.59 25.92
33.33 66.66
81.48 14.81
22.22 88.88
29.62 74.07
92.59 81.48
22.22 100.00
22.22 3.70
51.85 55.55
18.51 14.81
81.48 70.37
70.37 88.88
66.66 77.77
22.22 77.77
81.48 92.59
77.77 85.18
77.77 18.51
77.77 66.66
48.14 37.03
59.25 62.96
33.33 44.44
29.62 7.40
70.37 70.37
66.66 85.18
85.18 14.81
81.48 74.07
92.59 7.40
100.00 100.00
66.66 14.81
33.33 29.62
70.37 81.48
74.07 81.48
40.74 55.55
11.11 74.07
70.37 85.18
3.70 77.77
14.81 100.00
22.22 92.59
33.33 92.59
88.88 85.18
11.11 96.29
66.66 44.44
77.77 3.70
88.88 18.51
7.40 74.07
51.85 40.74
92.59 14.81
7.40 22.22
11.11 0.00
100.00 29.62
96.29 29.62
11.11 100.00
100.00 25.92
100.00 3.70
14.81 7.40
18.51 22.22
96.29 96.29
29.62 33.33
48.14 33.33
33.33 37.03
44.44 59.25
44.44 55.55
74.07 88.88
33.33 22.22
74.07 66.66
44.44 33.33
40.74 40.74
81.48 66.66
3.70 7.40
18.51 3.70
77.77 29.62
37.03 66.66
11.11 77.77
66.66 29.62
51.85 66.66
85.18 7.40
3.70 96.29
51.85 59.25
77.77 74.07
88.88 66.66
96.29 77.77
62.96 51.85
33.33 11.11
77.77 100.00
25.92 33.33
66.66 11.11
74.07 100.00
96.29 81.48
3.70 85.18
81.48 22.22
11.11 85.18
85.18 92.59
96.29 25.92
7.40 7.40
88.88 88.88
96.29 88.88
11.11 3.70
88.88 29.62
7.40 77.77
18.51 66.66
66.66 22.22
66.66 100.00
22.22 85.18
54