200
-257.542002 650.962930
-23.830989 558.424089
-843.114272 -770.058843
242.570154 164.104587
-806.638980 -559.600162
126.840947 994.043973
477.828614 526.045963
-979.465155 546.525998
-938.675688 309.532679
670.316785 757.256580
268.765248 -168.400758
835.225031 158.687436
-572.921976 450.169043
286.770213 -517.902833
-383.811669 -831.976837
58.270971 -557.355854
-945.051476 835.473754
232.577976 -357.157957
749.859142 -423.288176
162.814306 -691.243688
-214.009241 726.774189
779.283883 -620.687222
653.140167 482.576235
419.292132 -37.367704
-949.567584 6.295814
-430.449599 -395.392758
199.823026 -286.807014
-171.570393 -825.773273
-833.880107 -191.726257
-584.525856 -550.445153
976.108224 -873.443859
-406.863143 327.591686
-447.809695 846.989405
896.156146 891.522476
860.854523 -504.710754
570.531492 -583.066530
-163.167122 -96.528475
336.923618 585.694200
-663.874145 -467.457800
-789.656346 -253.007506
69.400589 858.867487
-315.092871 432.366175
-520.580740 -290.265667
-860.042434 -477.500827
134.603612 -151.422774
949.795543 -916.389568
-43.493531 391.243967
-975.283940 442.366730
835.802583 521.692333
662.684252 -831.439301
-974.041108 -525.857763
537.330292 83.627603
-901.791866 -534.211143
424.137121 -209.083139
-527.949947 -17.276801
-394.780948 499.716767
28.739162 -958.329532
949.332032 -716.584233
-220.750422 -498.282742
-279.636111 5.316473
81.167311 -267.825296
570.020652 -322.526700
746.620344 912.038890
-90.628045 157.803806
-748.813031 -627.655426
38.336245 317.876848
-19.733898 505.456111
73.751920 954.743214
309.428850 995.123749
683.983499 -886.460558
107.610491 -306.224256
195.969339 419.349113
-13.169063 644.663529
-528.414339 -654.395975
-304.912998 -432.764745
618.266538 3.132662
-789.739334 -984.156113
772.607553 187.107709
-635.492529 577.218856
-697.367201 101.652077
265.666476 -610.209666
824.986225 228.121306
-899.750954 -578.530227
472.278094 -16.105570
-42.401813 935.353247
-875.262648 330.772561
317.833095 -323.651374
955.079322 185.214088
751.508295 -192.899898
703.827556 -605.702814
-622.174337 -721.037556
-127.285842 119.046824
-793.190240 594.587434
-187.259166 802.597317
-737.325141 471.080091
-336.914210 710.352904
566.250240 -899.754763
-478.802003 318.034805
639.512021 -503.163299
653.775462 -778.998016
-235.822082 756.677021
592.470163 -539.503232
-246.658187 -570.139199
229.870390 -316.373047
-230.169339 -204.416390
991.755960 592.510051
-279.093278 -23.307097
-689.348086 215.200163
776.847886 602.340031
583.922702 -317.305006
479.346245 717.244312
122.601671 889.990001
887.086352 560.714077
914.807315 -957.251037
765.322776 -693.705197
-929.656918 -658.661245
-177.834796 -538.306332
477.678379 -889.321400
892.467844 585.091555
-323.804826 933.743086
-812.865633 590.695539
248.889277 -118.584434
-951.048107 306.035207
16.673158 -822.397426
248.514391 223.977654
-336.558361 57.914538
210.411721 736.981876
222.778614 -631.538911
696.758280 -475.102929
-969.548658 -62.160736
-544.407362 -118.673267
779.315417 564.853327
-494.080369 -730.217776
-613.265798 54.616392
787.816736 -559.989665
32.246794 686.637983
700.060881 842.404670
-950.090453 831.233041
-951.015506 192.487297
-83.381909 947.519284
267.739609 332.230649
130.288829 -17.446809
227.287341 591.792594
499.539465 -247.767474
905.322814 -113.730901
-535.208205 -163.263157
-69.427815 -266.706873
-149.246761 -218.809262
-32.433512 557.493736
133.368874 568.667352
751.369490 -56.806487
-574.924769 -700.707590
-889.742335 574.245369
369.915469 433.315011
23.431203 -306.196133
-75.735382 -869.784240
450.746942 -860.528182
-220.390805 254.505275
737.477646 -39.394747
-559.531457 -939.318445
611.838783 -2.259280
-162.099061 571.966504
182.275275 -777.033399
-33.371932 738.830293
-494.876647 -991.839062
-772.013145 -431.651171
-861.518885 343.756417
-836.026492 920.435810
-465.900037 226.322166
-622.160293 134.715117
863.847390 14.668853
-280.390726 90.867256
-768.248084 10.835270
-921.655040 595.982301
-871.673768 143.653157
-257.406965 864.437572
903.361809 -471.119894
531.470882 -518.269977
856.967669 937.630263
114.470345 -200.030168
-348.502058 382.870479
-356.832575 988.924057
-22.672072 -947.214523
-807.395199 -443.618141
-704.913830 339.204839
161.291244 -678.202040
100.192428 172.618968
20.720067 -2.262739
-202.243851 531.132311
731.309888 230.128902
-770.354701 -520.729172
-692.647716 -118.310640
-696.561051 -167.357670
-52.245359 -286.005175
75.673246 -260.152229
176.499165 567.313041
-466.251041 -143.178354
-605.824578 9.067857
595.936537 -790.379667
-38.203415 343.939245
12